證券名稱	簡稱	年月	市場風險溢酬	規模溢酬	淨值市價比溢酬	動能因子	無風險利率
Y9999  	上市         	199001	  25.2378	 -17.7052	  -4.6717	  -7.2106	 9.500
Y9999  	上市         	199002	  -4.5236	  11.8833	   9.9145	   0.4643	 9.500
Y9999  	上市         	199003	  -8.5519	   5.8640	   3.9280	   0.3599	 9.500
Y9999  	上市         	199004	 -14.8180	   3.2841	  -3.2008	  -2.7231	 9.500
Y9999  	上市         	199005	 -22.0563	 -17.4279	   4.1938	  -6.3277	 9.500
Y9999  	上市         	199006	 -29.3851	 -14.5060	  -1.4331	 -15.4946	 9.500
Y9999  	上市         	199007	  10.3613	  31.7229	  -7.7379	   5.3951	 9.500
Y9999  	上市         	199008	 -35.7387	  -4.9827	   1.7403	   3.2183	 9.500
Y9999  	上市         	199009	 -25.3336	 -11.5727	   8.8706	   4.3730	 9.500
Y9999  	上市         	199010	  21.7734	   7.1225	  -7.7601	  -4.5968	 9.500
Y9999  	上市         	199011	  28.1685	  20.0162	 -21.7224	  -7.2086	 9.500
Y9999  	上市         	199012	   2.1859	  -2.0403	  -7.7344	   3.2318	 9.500
Y9999  	上市         	199101	 -12.6538	   7.2196	   1.8565	  -5.4926	 9.500
Y9999  	上市         	199102	  24.3142	   4.1310	   2.5316	 -11.9053	 9.500
Y9999  	上市         	199103	   2.3270	   2.2661	  25.2655	 -14.2376	 9.500
Y9999  	上市         	199104	  13.4273	  -6.3801	 -15.0236	  -0.4568	 9.500
Y9999  	上市         	199105	  -5.9518	  -1.2070	  -3.1875	  -0.7028	 9.500
Y9999  	上市         	199106	   2.0013	   2.7998	   5.8682	   0.2746	 9.500
Y9999  	上市         	199107	 -11.0314	   0.9993	   3.1646	  -0.7820	 9.250
Y9999  	上市         	199108	 -12.8695	  -3.6499	   4.8171	  -0.9171	 9.250
Y9999  	上市         	199109	   6.3919	  -2.7910	  -1.3317	   2.1193	 8.650
Y9999  	上市         	199110	 -10.4308	  -0.7312	  -0.8463	   0.5349	 8.650
Y9999  	上市         	199111	  -1.1380	   4.6779	  -3.8256	   4.1570	 8.270
Y9999  	上市         	199112	   4.1920	   0.9280	   4.2917	  -3.3152	 8.270
Y9999  	上市         	199201	  16.4017	  13.2965	 -16.3062	 -11.6615	 7.750
Y9999  	上市         	199202	  -5.4188	   1.1081	   1.3254	   6.1487	 7.750
Y9999  	上市         	199203	  -7.2100	   1.2790	   5.0047	   1.9956	 7.750
Y9999  	上市         	199204	  -6.7828	   2.0696	   4.6480	  -0.3948	 7.750
Y9999  	上市         	199205	  -0.7644	  -0.9408	  -5.3652	   0.7701	 7.750
Y9999  	上市         	199206	  -1.0371	  -0.1802	  -7.8799	  -1.2379	 7.750
Y9999  	上市         	199207	 -10.4274	  -1.3856	   5.8488	  -0.9438	 7.750
Y9999  	上市         	199208	  -5.1426	   1.1146	  -5.7094	   3.6565	 7.750
Y9999  	上市         	199209	  -9.9646	  -9.4864	   6.9150	  -4.3005	 8.000
Y9999  	上市         	199210	   2.9506	   2.6918	  -3.5892	   1.6989	 8.000
Y9999  	上市         	199211	   0.7529	  -4.2045	  -3.2632	  -0.3923	 7.750
Y9999  	上市         	199212	  -8.6706	  -2.0309	  -0.1842	   0.6085	 7.750
Y9999  	上市         	199301	  -0.6544	   2.5983	   3.0861	  -1.8309	 7.750
Y9999  	上市         	199302	  29.7342	 -15.3578	 -19.1986	 -20.2781	 7.900
Y9999  	上市         	199303	   8.8764	  10.8127	  -1.3326	  -4.2672	 7.800
Y9999  	上市         	199304	  -6.1493	   2.2898	   7.9311	  -5.5629	 7.800
Y9999  	上市         	199305	  -6.5495	  -6.5742	   6.3497	   1.6974	 7.800
Y9999  	上市         	199306	  -6.7678	  -0.3767	  -3.9847	   4.0680	 8.000
Y9999  	上市         	199307	  -1.5727	   2.7386	   3.4102	  -0.7255	 8.000
Y9999  	上市         	199308	  -2.3293	   0.0142	  -5.4457	   1.9805	 7.800
Y9999  	上市         	199309	  -2.2962	   2.6851	   2.4990	  -0.1780	 7.550
Y9999  	上市         	199310	   7.4915	   2.6526	  -0.7217	  -3.4299	 7.550
Y9999  	上市         	199311	   4.9684	  -3.0715	   2.2870	   2.3457	 7.550
Y9999  	上市         	199312	  38.7760	 -26.2778	  -2.4725	   8.8030	 7.550
Y9999  	上市         	199401	   0.0848	   0.7353	   2.4932	  -1.5891	 7.550
Y9999  	上市         	199402	 -12.2306	   4.0891	  -0.3009	  -3.1137	 7.550
Y9999  	上市         	199403	  -3.4593	   1.1706	  -0.8817	   0.9281	 7.550
Y9999  	上市         	199404	   9.1483	  -0.1698	   1.4807	   4.4972	 7.250
Y9999  	上市         	199405	   2.3538	  -0.7555	   2.5228	   0.7966	 7.250
Y9999  	上市         	199406	   0.4029	   0.7638	   1.6612	   6.5856	 7.000
Y9999  	上市         	199407	  12.5690	  -5.7401	  -1.2154	  13.5743	 7.000
Y9999  	上市         	199408	   3.6245	   1.2701	   0.4319	   0.8350	 7.000
Y9999  	上市         	199409	   0.6070	  -1.7717	  -1.8677	  -0.8626	 7.000
Y9999  	上市         	199410	  -8.4055	  -1.1175	   3.7282	   0.2954	 7.300
Y9999  	上市         	199411	  -3.0210	   0.3534	   2.1810	  -1.9975	 7.300
Y9999  	上市         	199412	  11.8183	   0.7340	  11.3223	  -7.5470	 7.300
Y9999  	上市         	199501	 -12.1826	   0.7847	  -1.0826	  -2.0523	 7.300
Y9999  	上市         	199502	   2.5582	   1.8095	   1.1163	  -0.0088	 7.300
Y9999  	上市         	199503	  -0.7471	  -0.1661	   0.3531	   3.6081	 7.300
Y9999  	上市         	199504	 -11.8760	   2.2386	  -0.1754	  -1.4619	 7.300
Y9999  	上市         	199505	  -2.7750	  -4.5803	  -1.2695	  -2.1701	 7.300
Y9999  	上市         	199506	  -5.4229	  -4.0176	  -3.8727	  -1.0008	 7.300
Y9999  	上市         	199507	  -5.3267	  -4.2653	   0.9100	  -3.0255	 6.950
Y9999  	上市         	199508	  -7.8357	  -1.5087	  -2.5794	  -4.4783	 6.850
Y9999  	上市         	199509	   3.9120	   3.1271	   1.5121	  -3.6771	 6.650
Y9999  	上市         	199510	  -4.7585	   3.7953	   0.6606	  -2.7162	 6.650
Y9999  	上市         	199511	  -0.9442	   3.3093	   0.2109	  -2.4854	 6.650
Y9999  	上市         	199512	   8.0158	  -1.9447	   2.7760	  -2.0595	 6.650
Y9999  	上市         	199601	  -8.4673	  -0.7693	  -1.1358	   2.3683	 6.650
Y9999  	上市         	199602	   0.5324	  -1.8082	  -0.3697	   2.2370	 6.650
Y9999  	上市         	199603	   4.7123	   1.6174	   1.8071	  -3.1071	 6.650
Y9999  	上市         	199604	  21.8223	  -6.0372	  -9.3549	   1.7028	 6.650
Y9999  	上市         	199605	  -3.3349	  -1.8355	   0.0888	   1.2556	 6.550
Y9999  	上市         	199606	  10.2992	 -10.9367	  -0.4322	   0.4313	 6.550
Y9999  	上市         	199607	  -7.5743	   7.9989	   1.7737	  -1.8492	 6.550
Y9999  	上市         	199608	   3.0314	  -0.9137	  -1.7010	   2.4374	 6.350
Y9999  	上市         	199609	   2.1499	   2.4195	  -3.5255	  -0.9762	 6.350
Y9999  	上市         	199610	  -2.0130	   5.4656	  -1.4846	  -2.5453	 5.950
Y9999  	上市         	199611	   5.6295	  -4.6136	  -1.9579	  -1.5319	 5.950
Y9999  	上市         	199612	   1.1020	   4.9733	  -0.8095	   1.2423	 5.950
Y9999  	上市         	199701	   4.6592	   4.6543	   0.5254	   0.6715	 5.950
Y9999  	上市         	199702	   7.1751	   5.5998	   2.6275	  -0.2257	 5.950
Y9999  	上市         	199703	   0.4924	   6.5219	   2.8146	  -5.1395	 5.950
Y9999  	上市         	199704	   5.3633	  -3.5480	   1.3286	   5.3248	 5.950
Y9999  	上市         	199705	  -4.4815	  -5.5217	  -5.4550	   2.8971	 5.950
Y9999  	上市         	199706	  10.8002	  -1.4853	 -12.4432	  16.5881	 5.900
Y9999  	上市         	199707	  10.9666	  -8.5730	  -4.2212	  14.6348	 5.900
Y9999  	上市         	199708	  -3.6258	   2.6040	  -1.1600	   5.3697	 6.000
Y9999  	上市         	199709	 -11.3228	   8.5689	   1.9792	 -10.6121	 6.000
Y9999  	上市         	199710	 -16.4643	   4.9508	  -2.1025	 -11.5180	 6.000
Y9999  	上市         	199711	   6.1679	  -0.7447	  -1.6788	   7.8815	 6.000
Y9999  	上市         	199712	   4.2571	   6.5820	   2.0913	  -5.6942	 6.000
Y9999  	上市         	199801	  -1.5914	  -1.3949	  -3.4513	   8.4975	 6.000
Y9999  	上市         	199802	  13.2920	  -2.7213	   2.9412	  10.4669	 6.500
Y9999  	上市         	199803	  -1.8355	   7.6529	   3.9258	  -2.9310	 6.500
Y9999  	上市         	199804	  -9.3043	   2.3298	   0.5317	  -1.7266	 6.550
Y9999  	上市         	199805	  -5.4358	   3.2416	   0.8849	   1.9594	 6.550
Y9999  	上市         	199806	  -4.9441	   4.2806	   4.2494	   0.2801	 6.550
Y9999  	上市         	199807	   0.9334	   0.8508	  -6.5373	   4.8445	 6.550
Y9999  	上市         	199808	 -15.1575	  -1.4534	   3.8263	   6.1078	 6.550
Y9999  	上市         	199809	   3.8476	   2.1095	   4.3722	  -8.5583	 6.550
Y9999  	上市         	199810	   4.6096	  -4.3204	  -0.2778	  -4.9389	 6.100
Y9999  	上市         	199811	   1.2622	  -8.6909	  -5.5327	  -4.0827	 5.900
Y9999  	上市         	199812	 -10.9290	  -2.5725	  -1.3571	   7.6541	 5.400
Y9999  	上市         	199901	  -6.9149	  -2.0239	  -2.1888	  -8.8878	 5.400
Y9999  	上市         	199902	   4.7145	  -5.4808	  -0.4235	  -6.1353	 5.050
Y9999  	上市         	199903	   8.2766	   0.6151	   4.0417	   1.4906	 5.050
Y9999  	上市         	199904	   6.5397	  -0.6219	   4.7215	  -0.1681	 5.000
Y9999  	上市         	199905	  -1.8586	  -2.9572	 -13.8730	  13.6957	 5.000
Y9999  	上市         	199906	  14.4831	 -14.6294	 -14.1138	   8.8457	 5.000
Y9999  	上市         	199907	 -14.2931	   3.2439	  -4.3696	   6.2585	 5.000
Y9999  	上市         	199908	  11.5904	  -4.3184	  -1.5518	   2.2723	 5.000
Y9999  	上市         	199909	  -7.0592	   0.6414	   0.8558	  -1.3741	 5.000
Y9999  	上市         	199910	   3.0794	  -8.1719	  -5.1860	  11.3335	 5.000
Y9999  	上市         	199911	  -2.1494	  -6.2022	  -1.6642	   4.3227	 5.000
Y9999  	上市         	199912	   9.0305	  -8.6273	  -8.5232	   5.6369	 5.000
Y9999  	上市         	200001	  15.2598	   9.1436	  13.5349	 -23.6256	 5.000
Y9999  	上市         	200002	  -3.6038	   3.4202	   1.5674	   6.2514	 5.000
Y9999  	上市         	200003	   3.2055	  -0.4550	  -7.5531	   8.8179	 5.000
Y9999  	上市         	200004	 -11.5715	   3.5635	  -4.9694	   6.7360	 5.000
Y9999  	上市         	200005	   1.5423	  -7.0962	   3.3572	  -1.8969	 5.000
Y9999  	上市         	200006	  -7.7288	  -0.9365	  -2.8165	   4.4991	 5.000
Y9999  	上市         	200007	  -2.3137	  -6.2220	   5.9049	  -6.2809	 5.000
Y9999  	上市         	200008	  -6.6582	  -5.2069	 -12.4268	  12.8671	 5.000
Y9999  	上市         	200009	 -19.1870	   0.6120	   2.7529	  -1.2249	 4.900
Y9999  	上市         	200010	 -10.4285	  -2.9450	   3.9300	  -8.4321	 4.900
Y9999  	上市         	200011	  -5.5841	  -4.4801	  -3.2938	  11.0389	 5.000
Y9999  	上市         	200012	  -8.6107	   1.9877	   9.0588	   4.2499	 5.000
Y9999  	上市         	200101	  26.7104	  -7.4503	   3.0558	 -25.8176	 5.000
Y9999  	上市         	200102	  -4.5102	  13.2211	   3.8780	  -7.4951	 4.800
Y9999  	上市         	200103	   1.5676	   6.5933	  -9.7765	  -4.6591	 4.650
Y9999  	上市         	200104	  -8.1683	  -0.2275	  -4.6422	   6.9562	 4.300
Y9999  	上市         	200105	  -6.2388	  -4.1563	  -3.2811	   4.8113	 4.050
Y9999  	上市         	200106	  -1.7977	   0.2307	  -2.0529	   4.4312	 4.050
Y9999  	上市         	200107	 -10.8541	   1.0091	  -4.3614	   7.0966	 3.850
Y9999  	上市         	200108	   3.5995	   2.6531	  13.1889	  -9.3765	 3.600
Y9999  	上市         	200109	 -19.5899	   2.2058	  -1.0986	  10.9320	 3.100
Y9999  	上市         	200110	   7.0109	  -8.0679	  -7.7548	   2.5225	 2.800
Y9999  	上市         	200111	  12.2537	  -2.8831	 -12.9924	  -3.2506	 2.450
Y9999  	上市         	200112	  24.0694	   0.7677	   2.9886	 -12.7712	 2.450
Y9999  	上市         	200201	   5.8520	   7.2026	   6.8917	  -7.8035	 2.300
Y9999  	上市         	200202	  -3.4245	   1.2136	  -0.8653	  -0.5723	 2.300
Y9999  	上市         	200203	   9.0270	   6.3398	  29.9220	 -18.9462	 2.300
Y9999  	上市         	200204	  -2.1302	   4.3959	  13.6784	 -13.3716	 2.350
Y9999  	上市         	200205	  -6.2894	  -2.7093	  -3.9137	   2.9033	 2.350
Y9999  	上市         	200206	  -9.7706	   1.9349	   5.9547	  -4.1274	 2.300
Y9999  	上市         	200207	  -3.5036	   0.9931	   1.5373	   2.2682	 2.100
Y9999  	上市         	200208	  -3.7294	   0.6497	  -7.7781	   0.4600	 2.100
Y9999  	上市         	200209	 -12.3589	   1.7275	  -8.5125	  -4.6230	 2.100
Y9999  	上市         	200210	   9.7801	  -5.9676	   7.1033	   7.4185	 2.100
Y9999  	上市         	200211	   1.9406	  -1.1085	   9.5057	   0.3234	 1.850
Y9999  	上市         	200212	  -4.9505	  -2.5862	  14.0263	   9.2204	 1.850
Y9999  	上市         	200301	  12.7179	  -4.9345	  36.1197	   9.4572	 1.550
Y9999  	上市         	200302	 -11.5149	   3.8919	 -11.5124	  -4.5320	 1.550
Y9999  	上市         	200303	  -2.3114	  -0.6348	  -7.3134	  -2.2637	 1.550
Y9999  	上市         	200304	  -4.0494	  -1.2259	 -11.7176	  -6.0993	 1.550
Y9999  	上市         	200305	  10.1237	  -0.1231	   2.8677	  -2.5397	 1.525
Y9999  	上市         	200306	   7.2694	   2.5339	   1.0954	  -8.6703	 1.525
Y9999  	上市         	200307	  10.3092	  -2.1940	  -1.8376	  -1.4023	 1.400
Y9999  	上市         	200308	   6.4570	  -8.2634	   1.3756	   2.2587	 1.400
Y9999  	上市         	200309	  -0.7371	  -0.7728	   0.4366	  -1.4554	 1.400
Y9999  	上市         	200310	   7.6250	  -3.3907	  11.1966	   4.6376	 1.400
Y9999  	上市         	200311	  -4.7670	   5.2466	  -3.1648	  -2.8838	 1.400
Y9999  	上市         	200312	   1.8705	   3.0986	   4.2704	   4.9363	 1.400
Y9999  	上市         	200401	   8.2134	   2.8863	  12.2312	   0.4673	 1.400
Y9999  	上市         	200402	   5.8470	   1.4634	   8.6048	  -7.0268	 1.400
Y9999  	上市         	200403	  -3.5150	  -1.9945	   0.9949	   2.7158	 1.400
Y9999  	上市         	200404	  -6.2079	  -0.7250	  -5.1623	  -3.8915	 1.400
Y9999  	上市         	200405	  -2.6070	  -0.4698	   2.7322	   1.3902	 1.400
Y9999  	上市         	200406	  -2.3373	  -4.5205	  -2.3593	  -1.2033	 1.400
Y9999  	上市         	200407	  -5.7587	  -0.6182	   2.9071	  -0.6313	 1.400
Y9999  	上市         	200408	   6.8723	  -3.0062	  -2.6171	   1.3921	 1.400
Y9999  	上市         	200409	   1.3647	  -2.0858	   4.1658	   9.9578	 1.400
Y9999  	上市         	200410	  -2.4409	  -2.2348	   1.9453	   1.8485	 1.525
Y9999  	上市         	200411	   2.2898	  -3.3954	  -0.0271	   2.1108	 1.525
Y9999  	上市         	200412	   4.9255	   2.2446	   2.0760	   0.1242	 1.525
Y9999  	上市         	200501	  -2.5205	  -2.4117	  -1.5509	   1.8114	 1.595
Y9999  	上市         	200502	   3.3930	   3.5223	  -7.1648	  -6.1374	 1.595
Y9999  	上市         	200503	  -3.4027	   2.4893	  -5.3121	  -0.6009	 1.690
Y9999  	上市         	200504	  -3.2452	  -3.4026	  -1.9151	   3.6957	 1.690
Y9999  	上市         	200505	   3.1911	  -1.6712	  -4.0107	  -2.9611	 1.690
Y9999  	上市         	200506	   4.3381	   4.1682	   2.0972	  -4.2794	 1.690
Y9999  	上市         	200507	   2.7001	  -0.3442	  -3.3069	   4.9077	 1.790
Y9999  	上市         	200508	  -3.6464	  -2.7954	  -5.3865	   4.2643	 1.790
Y9999  	上市         	200509	   1.5479	  -0.4183	  -2.9800	   4.5915	 1.890
Y9999  	上市         	200510	  -6.0414	   0.8319	  -2.4779	   6.0434	 1.890
Y9999  	上市         	200511	   7.5715	  -1.5764	   0.6986	   2.7153	 1.890
Y9999  	上市         	200512	   5.4906	   2.7842	   0.1348	  -1.5863	 1.990
Y9999  	上市         	200601	  -0.5011	  -1.9496	  -0.9529	   2.9045	 1.990
Y9999  	上市         	200602	   0.3057	  -1.3024	  -2.2483	  -2.5097	 1.990
Y9999  	上市         	200603	   0.8137	   4.0551	  -4.4464	   7.6978	 1.990
Y9999  	上市         	200604	   8.3148	   2.6060	   2.7011	  -1.8204	 2.060
Y9999  	上市         	200605	  -4.6313	   4.7353	   3.2905	  -3.7239	 2.060
Y9999  	上市         	200606	  -1.4864	  -3.9315	  -1.6881	  -0.1845	 2.060
Y9999  	上市         	200607	  -2.2037	   1.9636	  -1.5587	   3.8070	 2.130
Y9999  	上市         	200608	   3.3108	  -0.2961	  -8.8510	   4.2843	 2.130
Y9999  	上市         	200609	   4.3117	  -3.0711	   4.4286	   1.1307	 2.130
Y9999  	上市         	200610	   1.9330	   6.0480	   6.2605	   1.0380	 2.200
Y9999  	上市         	200611	   7.5925	   3.9191	   8.4949	  -0.0634	 2.200
Y9999  	上市         	200612	   3.2341	   6.7674	   5.9168	  -2.6655	 2.200
Y9999  	上市         	200701	  -1.9368	   2.5866	  -9.2386	  -0.4319	 2.230
Y9999  	上市         	200702	   2.2026	   1.7731	   0.9341	   2.7330	 2.230
Y9999  	上市         	200703	  -0.2592	  10.2583	  -3.7906	  -0.8252	 2.230
Y9999  	上市         	200704	  -0.5143	  -1.5719	   5.8912	  -3.4883	 2.260
Y9999  	上市         	200705	   3.1549	   1.9692	  -4.7871	   3.8935	 2.260
Y9999  	上市         	200706	   9.2398	   2.0144	   0.1965	  -0.5309	 2.460
Y9999  	上市         	200707	   5.8849	   6.8302	   4.4880	   9.6064	 2.460
Y9999  	上市         	200708	  -2.9551	  -5.5595	  -1.9856	   1.6665	 2.460
Y9999  	上市         	200709	   5.2976	  -2.4141	   4.9402	   1.6247	 2.530
Y9999  	上市         	200710	   2.1977	 -10.5798	   0.9740	  -6.9028	 2.530
Y9999  	上市         	200711	 -11.8010	  -1.8871	  -0.1014	  -7.0839	 2.530
Y9999  	上市         	200712	  -1.4690	  -1.6916	  -0.8861	  -0.5957	 2.610
Y9999  	上市         	200801	 -11.1777	  -1.5861	   6.4036	  -7.4664	 2.610
Y9999  	上市         	200802	  11.4426	   2.7193	   5.5564	   2.7038	 2.610
Y9999  	上市         	200803	   1.8532	   2.9734	   2.6585	   1.0206	 2.610
Y9999  	上市         	200804	   3.6703	   2.0760	  -0.2430	  -1.1672	 2.650
Y9999  	上市         	200805	  -3.5575	   1.3427	   0.8624	   2.1533	 2.650
Y9999  	上市         	200806	 -12.3367	  -4.5766	  -2.8885	   4.4758	 2.650
Y9999  	上市         	200807	  -4.4090	   3.2953	  -5.0647	  -1.6054	 2.710
Y9999  	上市         	200808	   1.0669	   0.6376	  -4.5874	  -6.7339	 2.710
Y9999  	上市         	200809	 -18.9231	  -5.4364	  -3.6149	   8.1207	 2.710
Y9999  	上市         	200810	 -14.7143	   7.5113	  -1.4522	   2.7298	 2.555
Y9999  	上市         	200811	  -8.5513	  -2.7055	   7.6141	   7.7489	 2.170
Y9999  	上市         	200812	   2.8380	  -1.4133	   2.0268	  -6.5877	 1.420
Y9999  	上市         	200901	  -7.6131	   3.4386	  -1.2080	  -1.1616	 0.920
Y9999  	上市         	200902	   7.1020	   1.3974	  -4.6467	  -7.5123	 0.770
Y9999  	上市         	200903	  13.1046	   4.5009	   6.6083	 -10.6356	 0.770
Y9999  	上市         	200904	  14.4375	  -0.3180	  -0.9301	  -6.4360	 0.770
Y9999  	上市         	200905	  14.7136	  -0.0779	   4.3257	 -12.5737	 0.770
Y9999  	上市         	200906	  -6.4943	   0.2419	  -2.8091	   0.5231	 0.770
Y9999  	上市         	200907	  11.7616	   3.8289	   6.4134	   3.2421	 0.770
Y9999  	上市         	200908	  -2.7816	   1.4648	  -3.0591	   0.7085	 0.770
Y9999  	上市         	200909	   9.8894	   1.0588	   3.8740	   0.1692	 0.770
Y9999  	上市         	200910	  -2.1676	   3.7813	   1.4734	  -3.2793	 0.900
Y9999  	上市         	200911	   3.1890	   4.6327	   1.5764	  -0.6427	 0.900
Y9999  	上市         	200912	   7.9003	   5.1109	   5.2508	   4.8359	 0.900
Y9999  	上市         	201001	  -6.4342	  -1.8345	  -1.6913	  -5.5415	 0.900
Y9999  	上市         	201002	  -2.9156	   3.1787	  -1.4584	   0.8126	 0.900
Y9999  	上市         	201003	   6.3191	   4.6519	   3.0019	   2.5616	 0.900
Y9999  	上市         	201004	   1.0117	   1.7436	   1.3020	   1.4736	 0.900
Y9999  	上市         	201005	  -7.9117	  -0.6638	  -2.3477	  -2.6977	 0.900
Y9999  	上市         	201006	  -0.6372	   1.2167	  -0.8971	  -2.1445	 1.025
Y9999  	上市         	201007	   8.3205	  -0.4010	   2.1423	  -1.8630	 1.025
Y9999  	上市         	201008	  -0.9622	  -2.5573	   2.3137	  -1.0466	 1.025
Y9999  	上市         	201009	   8.1880	  -0.6651	   0.2757	   1.3041	 1.025
Y9999  	上市         	201010	   0.5143	  -3.1224	   3.7071	   0.7805	 1.130
Y9999  	上市         	201011	   0.8964	  -2.7050	  -1.2256	   4.0584	 1.130
Y9999  	上市         	201012	   7.2236	  -3.1990	   6.7887	  -1.3960	 1.130
Y9999  	上市         	201101	   1.7462	  -2.3398	   0.7618	  -2.7195	 1.190
Y9999  	上市         	201102	  -6.1809	   2.8306	  -2.3135	   2.7640	 1.190
Y9999  	上市         	201103	   0.9773	  -0.8836	   0.2193	   4.2764	 1.190
Y9999  	上市         	201104	   3.6117	  -0.3751	  -1.0627	   6.2444	 1.280
Y9999  	上市         	201105	  -0.3656	  -0.1199	  -1.3289	   0.9401	 1.280
Y9999  	上市         	201106	  -3.2483	  -0.2368	   1.6154	   2.5376	 1.280
Y9999  	上市         	201107	   2.1790	  -1.5990	  -2.4770	  10.5499	 1.355
Y9999  	上市         	201108	  -9.7438	  -1.3293	   1.6889	   3.8669	 1.355
Y9999  	上市         	201109	  -6.7450	  -0.7279	  -0.9927	  -5.5839	 1.355
Y9999  	上市         	201110	   4.8812	   0.1512	  -1.5881	   0.4166	 1.355
Y9999  	上市         	201111	  -8.8271	  -3.3847	   0.5838	   3.1344	 1.355
Y9999  	上市         	201112	   2.3600	   0.5628	  -1.4907	  -1.7868	 1.355
Y9999  	上市         	201201	   6.1665	  -1.2320	   1.5700	  -4.7315	 1.355
Y9999  	上市         	201202	   7.9464	   4.1612	   1.4490	 -12.3848	 1.355
Y9999  	上市         	201203	  -2.5637	   1.3248	  -2.3959	   9.2731	 1.355
Y9999  	上市         	201204	  -5.6326	  -0.9463	  -0.3127	   5.5964	 1.355
Y9999  	上市         	201205	  -2.7956	   0.4045	  -0.6113	   0.7124	 1.355
Y9999  	上市         	201206	  -0.0876	   0.0985	  -0.5324	   0.2788	 1.355
Y9999  	上市         	201207	   1.9869	  -0.6389	  -4.4601	   6.0819	 1.355
Y9999  	上市         	201208	   2.6484	   3.1864	   0.1143	   2.4730	 1.355
Y9999  	上市         	201209	   4.2214	   0.5129	   2.7815	  -2.4825	 1.355
Y9999  	上市         	201210	  -7.2415	  -3.0405	  -2.8488	   6.4429	 1.355
Y9999  	上市         	201211	   5.6227	  -1.8452	   1.0230	  -2.1162	 1.355
Y9999  	上市         	201212	   1.6427	   1.7986	   2.6845	  -4.2787	 1.355
Y9999  	上市         	201301	   1.8960	  -0.7023	   0.6026	  -0.7559	 1.355
Y9999  	上市         	201302	   0.5708	  -0.1625	   1.9475	   2.5727	 1.355
Y9999  	上市         	201303	   0.3192	   0.6942	   1.1914	   0.4180	 1.355
Y9999  	上市         	201304	   2.4579	  -1.5554	   0.7263	   2.5262	 1.355
Y9999  	上市         	201305	   1.8707	   2.5499	   4.5517	  -0.5026	 1.355
Y9999  	上市         	201306	  -2.2308	  -0.7093	  -3.4540	   2.3989	 1.355
Y9999  	上市         	201307	   1.9645	   1.6130	  -0.6880	   2.2401	 1.355
Y9999  	上市         	201308	  -0.3960	   1.4540	   0.3552	   0.7230	 1.355
Y9999  	上市         	201309	   2.0913	   0.4828	   1.7388	  -0.3388	 1.355
Y9999  	上市         	201310	   3.2665	   0.6249	  -1.1272	   2.6128	 1.355
Y9999  	上市         	201311	  -0.5570	   0.4855	   0.2011	   4.0237	 1.355
Y9999  	上市         	201312	   2.3673	   2.5540	   0.2169	  -0.2634	 1.355
